$ 1 0.000001 382.76258214399064 51 5 50 5e-11
v 64 608 144 608 0 1 1602.72 7.920000000000002 0 0 0.5
w 592 480 672 480 0
w 320 496 320 608 0
g 64 608 48 608 0 0
207 576 480 576 432 4 in
w 672 512 672 480 0
w 1024 496 1024 624 0
S 400 480 320 480 0 0 false 0 2
S 512 480 432 480 0 1 false 0 2
w 400 480 432 464 0
g 432 496 432 512 0 0
S 320 464 240 464 0 1 false 0 2
R 240 480 240 512 0 0 40 5 0 0 0.5
R 80 448 32 448 0 6 40 5 0 0 0.5
401 1152 704 1264 704 1 8\s15\s-15\s1000000\s0.30015129083459496\s5.650152642851152\s100000 0\s20\s10000000000 1\s0
w 1152 816 1152 720 0
r 816 576 912 576 0 10000
w 912 496 1024 496 0
r 672 512 816 512 0 10000
w 816 512 816 576 0
w 912 576 912 496 0
g 816 480 800 480 0 0
174 608 1072 640 1120 1 100000 0.6089000000000001 Noise Threshold
401 1152 576 1264 576 1 8\s15\s-15\s1000000\s0.30015129083459496\s-0.017143528791774068\s100000 0\s20\s10000000000 1\s0
w 1024 624 672 624 0
w 672 784 672 624 0
409 816 496 912 496 3 0.6 -5.22330817988555 0.023100000000000002 0
R 864 464 864 448 0 0 40 12 0 0 0.5
R 864 528 864 544 0 0 40 -12 0 0 0.5
R 608 1024 608 1008 0 0 40 12 0 0 0.5
w 1264 576 1264 704 0
207 1024 496 1024 464 4 !in
w 1152 816 1120 816 0
368 1152 816 1184 816 0 0
207 1264 576 1296 576 4 comp_out
403 416 304 608 416 0 4_2_0_4098_10_0.1_-1_4_4_3_33_0_33_3
d 992 688 1056 688 2 default
r 1056 688 1056 736 0 100000
g 1056 736 1056 752 0 0
w 1056 688 1152 688 0
d 1024 496 1088 496 2 default
r 1088 496 1088 544 0 100000
g 1088 544 1088 560 0 0
w 1152 496 1152 560 0
w 1152 720 1152 592 0
w 1088 496 1152 496 0
212 144 608 336 608 0 2 a*(1-b)
R 144 640 80 640 0 4 100 0.5 0.5 0 0.159154943092
w 240 608 272 608 0
r 272 608 272 640 0 1000
w 240 640 272 640 0
g 272 640 272 656 0 0
w 272 608 320 608 0
w 512 480 576 480 0
R 1408 688 1408 672 0 0 40 12 0 0 0.5
409 1360 720 1456 720 3 0.6 -11.251505482859336 0.023100000000000002 0
w 1456 816 1456 720 0
w 1360 736 1360 816 0
r 1360 944 1360 864 0 10000
r 1360 816 1456 816 0 10000
R 1728 592 1728 576 0 0 40 12 0 0 0.5
409 1680 624 1776 624 3 0.6 -21.942141101557123 0.023100000000000002 0
w 1776 720 1776 624 0
w 1680 640 1680 720 0
r 1584 720 1680 720 0 10000
r 1680 720 1776 720 0 10000
g 1888 688 1888 704 0 0
r 1888 624 1888 688 0 100000
207 1888 624 1936 624 4 out
207 592 480 592 432 4 in
R 832 720 832 736 0 0 40 -12 0 0 0.5
R 832 656 832 640 0 0 40 12 0 0 0.5
409 784 688 880 688 3 0.6 -17.452109823711773 0.023100000000000002 0
g 784 672 768 672 0 0
w 880 784 880 688 0
w 784 704 784 784 0
r 672 784 784 784 0 10000
w 880 688 992 688 0
r 784 784 880 784 0 10000
g 1360 944 1360 960 0 0
w 1312 704 1360 704 0
S 240 448 160 448 0 1 false 0 2
S 160 432 80 432 0 1 false 0 2
403 1424 336 1616 448 0 34_2_0_4098_10_0.1_-1_2_34_3
R 1408 752 1408 768 0 0 40 -12 0 0 0.5
207 1552 816 1600 816 4 !out
r 1552 816 1552 880 0 100000
g 1552 880 1552 896 0 0
x 1414 855 1496 858 4 24 Gain\s2x
r 1024 1024 1120 1024 0 100000
w 1120 928 1120 816 0
r 912 1024 1024 1024 0 100000
w 1024 944 1024 1024 0
w 1120 1024 1120 928 0
g 1024 912 1008 912 0 0
409 1024 928 1120 928 3 0.6 -11.6892145251076 0.023100000000000002 0
R 1072 896 1072 880 0 0 40 12 0 0 0.5
R 1072 960 1072 976 0 0 40 -12 0 0 0.5
r 784 1024 880 1024 0 100000
w 880 1024 912 1024 0
w 784 944 784 1024 0
w 880 1024 880 928 0
g 784 912 768 912 0 0
409 784 928 880 928 3 0.6 -10.226329748971763 0.023100000000000002 0
R 832 896 832 880 0 0 40 12 0 0 0.5
R 832 960 832 976 0 0 40 -12 0 0 0.5
w 640 1024 640 1104 0
r 608 1072 608 1024 0 10000
r 608 1136 608 1184 0 110000
R 608 1184 608 1200 0 0 40 -12 0 0 0.5
r 784 1024 720 1024 0 100000
d 640 1024 720 1024 2 default
S 640 928 560 928 0 0 false 0 2
g 480 912 464 912 0 0
v 480 912 560 912 0 1 100 5 5 0 0.5
w 640 928 640 1024 0
x 470 873 684 876 4 24 Sensitivity\sin\s\a\sknob
R 1232 400 1232 384 0 0 40 12 0 0 0.5
174 1232 400 1248 480 1 100000 0.5594 Resistance
w 1264 704 1312 704 0
368 1264 576 1312 608 0 0
403 1600 864 1728 928 0 85_2_0_4098_10_0.1_-1_2_85_3
403 1936 672 2064 736 0 68_2_0_4098_20_0.1_-1_2_68_3
g 1232 496 1232 512 0 0
w 1264 576 1264 448 0
w 1264 448 1248 448 0
w 1680 608 1664 608 0
w 1664 608 1648 608 0
174 1632 560 1648 640 1 100000 0.2822 Resistance
R 1632 560 1632 544 0 0 40 12 0 0 0.5
368 1680 608 1680 544 0 0
w 1584 720 1456 720 0
R 1728 656 1728 672 0 0 40 -12 0 0 0.5
R 1632 656 1632 672 0 0 40 -12 0 0 0.5
r 1456 816 1552 816 0 1000
r 1776 624 1888 624 0 1000
368 1552 816 1552 784 0 0
368 1888 624 1888 592 0 0
R 80 416 32 416 0 2 4000 5 0 0 0.5
w 1024 1024 1024 1072 0
w 1120 1024 1120 1072 0
c 1024 1072 1120 1072 0 1.0000000000000001e-7 -0.299715505938445 0.001
c 784 1072 880 1072 0 1.0000000000000001e-7 1.1063762112940625 0.001
w 880 1024 880 1072 0
w 784 1024 784 1072 0
c 1680 768 1776 768 0 1e-11 -5.216352998575804 0.001
w 1776 720 1776 768 0
w 1680 720 1680 768 0
w 1360 816 1360 864 0
w 1456 816 1456 864 0
c 1360 864 1456 864 0 1e-11 -0.005642811640010513 0.001
w 784 784 784 832 0
w 880 784 880 832 0
c 784 832 880 832 0 1e-11 -5.955057417398363 0.001
w 816 608 816 576 0
w 912 576 912 608 0
c 816 608 912 608 0 1e-11 5.967773041686029 0.001
o 68 1 0 4098 20 0.1 0 10 68 3 69 0 69 3 32 0 32 3 85 0 85 3 33 0 33 3
38 0 F1 3 4 5000 -1 Frequency
38 0 F1 0 -12 12 -1 Max\sVoltage
38 12 F1 0 -10 10 -1 Voltage
38 13 F1 0 -5 5 -1 Noise\sVoltage
